0.011717 58
0.000045 8
0.000020 38
1.160931 1
0.121462 1
0.215851 1
0.077767 1
0.185532 2
0.000015 9
0.019068 258
0.001178 731
0.000422 507
0.038323 211
3.266093 176
0.797172 764
0.000088 51
0.000943 464
0.043805 502
0.632381 469
0.591231 327
1.730569 813
0.000016 97
0.023161 813
0.040783 813
0.039531 813
0.031972 813
0.016232 813
0.015886 813
0.023720 813
0.007956 813
0.015854 813
0.007367 813
0.016748 813
0.010175 46
0.001220 51
0.003954 813
0.015649 813
0.073841 813
0.040008 813
0.071422 811
0.032058 811
0.012347 45
0.000133 50
0.503773 818
0.000325 91
0.909162 1
0.111211 1
0.092298 1
0.087856 1
0.098128 1
0.152439 1
0.089206 1
0.119617 1
0.165494 5
0.185596 1
0.111138 1
0.081168 1
0.137967 1
0.181760 2
0.062292 38
0.000072 263
1.408033 475
0.257673 324
0.000537 468
0.690387 1
0.372301 4
0.076101 1
0.081703 1
0.126258 1
0.158585 1
0.133232 1
0.122133 1
0.167133 1
0.141740 1
0.223065 1
0.349880 176
0.304479 1
0.091564 1
0.079094 1
0.069981 1
0.172813 1
0.184265 1
0.261344 1
0.363377 4
0.107850 1
0.151402 1
0.214802 1
0.076696 1
0.122365 1
0.097983 1
0.089978 1
0.139656 1
0.065256 1
0.271194 1
0.185777 7
0.009934 470
0.064162 1099
0.000009 332
0.000233 1752
0.000008 1712
0.002879 1769
0.000084 1744
0.000254 69
1.249771 1
0.119976 1742
0.000086 1737
0.003130 11
1.213073 1
0.135553 1
0.172302 1
0.156352 1
0.075122 1
0.215312 1
0.069284 1
0.092567 1
0.160993 1
0.210482 1698
0.002562 1753
0.868194 1
0.111198 1653
0.004872 32
0.000068 17
0.000476 32
0.403754 35
0.000964 42
0.020909 1685
0.629777 1
0.314821 1
0.451296 1619
0.002874 1617
0.009825 1664
1.626951 1
0.073918 1
0.167719 1
0.188186 1
0.086079 1
0.045730 1
0.158879 1
0.098191 1
0.110321 1
0.207497 1
0.101804 1641
0.000408 133
0.001170 623
0.000778 1569
0.000016 522
0.000680 2608
0.000027 14
0.649369 1
0.172397 8
0.008125 26
0.000438 88
0.266516 1
0.257590 8
0.008684 27
0.000476 168
0.468767 1
0.137031 1
0.226765 1
0.126865 1
0.152811 1
0.372387 1
0.182102 1
0.227737 147
0.000085 471
0.000821 418
1.341233 8
0.000432 3181
1.987232 1
0.260663 1
0.734133 1
0.565311 1
0.167742 1
1.101257 1
0.219954 1
0.294160 1
0.236219 1
0.169905 1
0.103132 1
0.079576 1
0.393763 6
0.655899 1
0.199693 1
0.331403 1
0.295819 1
0.551685 1
0.251996 8
0.000331 3016
0.772869 1
0.340141 1
0.500281 1
0.318806 1
0.275253 1
0.402082 1
0.212174 1
0.321016 1
0.254480 1
0.244274 1
0.227644 1
0.356108 8
0.000275 2794
0.898613 1
0.158383 1
0.267351 1
0.085417 1
0.188197 1
0.384869 1
0.229744 1
0.241089 1
0.210626 1
0.111420 1
0.106383 1
0.115454 1
0.128803 1
0.407794 2613
0.599798 1
0.164936 1
0.196008 1
0.091597 1
0.139620 1
0.272494 1
0.206798 1
0.211814 1
0.158573 1
0.062888 1
0.090955 1
0.116265 1
0.105785 1
0.101850 1
0.531027 1
0.162954 1
0.422219 1
0.181484 1
0.349090 1
0.309223 8
0.000254 2533
0.000048 106
0.812762 1
0.322511 1
0.264226 8
0.000305 2649
0.647615 1
0.232383 1
0.259033 2645
6.956788 1
0.212567 1
0.131851 1
0.125891 1
0.085985 1641
0.000281 1589
0.004152 1546
0.014339 355
0.006556 16
0.000159 19
0.000047 16
0.000327 16
0.000034 16
0.000594 16
0.000017 17
0.000155 17
0.000163 17
0.000418 17
0.000004 17
0.000030 17
0.000338 17
0.000012 17
0.016073 16
0.003653 16
1.082476 471
0.325752 329
0.000949 475
0.975477 18
0.008077 367
0.858906 476
0.206351 306
0.000642 173
0.062907 211
0.865607 176
0.000134 1
0.079746 1
0.075842 1
0.226756 1
0.351341 1
0.046122 1
0.069185 1
0.135574 4
0.360073 1
0.128885 1
0.110141 144
0.378741 1
0.194180 94
0.440475 1
0.155226 1
0.157372 2
0.070110 158
0.000073 78
0.000062 12
0.003783 12
0.014349 28
0.006061 1644
0.000600 1832
0.000185 977
0.019252 1306
0.000338 771
1.840947 175
0.000377 50
0.014603 1406
0.000033 319
0.250498 51
0.003354 77
0.594282 51
0.000350 63
0.039399 51
0.000308 63
0.040126 51
0.000232 63
0.039310 51
0.000246 63
0.039992 51
0.000298 63
0.039399 51
0.000232 63
0.040013 51
0.000331 64
0.039527 51
0.000307 63
0.240850 51
0.000389 63
0.177962 51
0.000322 67
0.855652 51
0.000258 67
0.108200 176
0.093051 51
0.000415 63
0.265123 51
0.000314 63
0.233586 51
0.000647 120
0.317753 69
0.166810 82
0.146037 80
0.328003 102
0.223823 51
0.003918 361
0.492438 47
0.141753 49
0.416148 47
0.244784 46
0.008926 2165
0.201743 1681
0.002230 528
0.000328 56
0.219658 57
0.000255 56
0.152065 181
0.229146 47
0.149576 46
0.369666 48
0.012479 2186
0.663464 1613
0.001956 689
0.309050 47
0.012059 694
1.530561 776
0.144577 48
0.022459 1249
0.000038 937
0.128838 1613
0.003066 688
0.334442 48
0.295629 124
0.301826 47
0.016315 1296
0.000118 902
0.357334 1679
0.004157 525
0.137051 47
0.020181 1061
0.000105 479
0.066702 1332
0.000073 58
0.043699 1222
0.000016 58
0.163941 457
0.222135 47
0.223984 118
0.201866 79
0.250911 47
0.265413 85
0.100538 47
0.018503 110
0.787739 63
0.289612 29
0.085267 29
2.457623 1
0.000082 52
0.011077 48
0.011540 502
0.007051 56
0.652286 176
0.000182 1
0.078823 1
0.118694 1
0.109392 1
0.112065 1
0.456513 1
0.164252 1
0.151867 1
0.194347 1
1.032547 2
0.048343 263
0.036937 501
0.006957 86
0.004372 64
0.021788 108
0.006646 234
0.022779 2
0.000053 4
0.000136 8
0.000128 1
0.000015 8
0.000028 2
0.000003 2
0.383636 210
0.006449 1
0.000080 4
0.000013 1
0.000058 1
0.000008 1
0.000050 1
0.000041 1
0.000046 1
0.000008 1
0.000047 1
0.000008 2
0.000030 1
0.000018 1
0.000039 2
0.000162 8
0.001029 69
9.948447 71
0.014895 56
1.147434 172
0.000206 1
0.223692 1
0.109718 1
0.145056 1
0.123670 1
0.092079 1
0.039565 1
0.097549 4
0.358938 1
0.073263 1
0.025686 1
0.125816 183
0.621506 1
0.102537 1
0.100468 1
0.197148 2
0.392238 50
0.063896 154
0.000634 79
0.001432 16
0.014528 28
0.005768 1515
0.000291 1579
0.000366 1470
0.000380 2031
0.922636 177
0.000403 52
0.000013 79
1.086286 42
0.010088 114
0.546927 1
0.012747 6
0.004831 68
0.001864 106
0.943984 51
0.001652 436
2.947538 51
0.000791 310
2.037902 51
0.000349 63
0.175457 51
0.000321 63
0.176819 51
0.000435 63
0.152546 51
0.000407 63
0.194493 51
0.000831 121
0.088132 51
0.000891 96
0.229392 51
0.000976 96
0.158254 51
0.000828 96
0.173626 51
0.000894 96
0.094431 51
0.000736 98
0.379184 52
0.001221 97
0.178763 52
0.001079 97
0.429834 46
0.394947 52
0.000147 12
0.634635 52
0.001714 125
0.462052 63
0.446275 29
1.433607 1
0.008821 1828
0.006444 56
7.205723 172
0.527889 190
0.824936 2695
1.250346 1
0.069820 1
0.098473 1
0.079520 1
0.133253 1
0.173325 1
0.121815 1
0.125216 1
0.214937 5
0.904111 1
0.228084 1
0.104848 1
0.138760 1
0.215153 2
0.071008 38
0.000007 263
1.039524 475
0.307303 322
0.000546 471
0.271005 172
2.249483 25
1.386294 1562
0.079337 1573
0.000009 1752
0.000068 1712
0.002592 1793
0.000029 1744
0.000297 69
1.878001 472
0.000199 1
1.277774 1740
0.004404 11
1.440641 1
0.169194 1
0.313782 1
0.266610 1
0.104978 1
0.726866 18
0.866655 1702
0.002093 1746
0.000017 11
3.941073 1
0.095942 1
0.161443 1
0.170570 1
0.075417 1
0.106852 1
0.241464 1
0.163526 1
0.125334 1
0.382454 4
0.161698 4
0.085860 1
0.157850 1
0.079675 1
0.193746 1719
0.000451 133
0.000254 138
0.000288 276
0.000114 233
0.000647 433
0.000519 814
0.000792 1143
1.001391 1
0.179179 8
0.000035 19
0.005014 17
0.000061 22
0.000053 21
0.000189 39
0.000030 954
0.000080 942
0.244935 20
0.000068 17
0.000033 32
0.000005 38
0.000095 926
0.000769 905
0.016006 100
0.000006 50
0.001171 1474
24.141031 1
3.187392 3
1.049237 1
0.131743 1
0.188079 1
0.215169 1
0.105754 1
0.221968 1
0.993940 3
0.596994 3
0.040190 3
0.039886 3
0.039801 3
0.040078 3
0.257891 1
0.217241 1
0.567572 1
0.394875 1
0.289918 1
0.232012 1
0.105518 1
0.109361 1
0.187749 2
0.401222 75
1.068413 1
0.653024 1
0.366906 1
0.443254 1
0.274548 1
0.241391 1
0.167102 1
0.153884 1
0.212639 1
0.411086 38
3.909024 172
4.589169 1
0.652419 1
1.188324 3
0.173222 3
4.505509 189
0.299425 170
0.179305 170
0.176274 170
0.145690 170
0.271158 170
0.205388 170
0.181969 170
0.308002 4095
0.000014 634
0.644766 226
0.151793 4095
0.000018 388
0.637933 109
0.000178 25
0.000180 10
0.002445 104
1.114948 1
0.163297 1
0.099896 1
0.124699 1
0.079920 2
0.000016 9
0.000114 6
